2,3803  0,7083
2,3544  0,7166
2,3214  0,7249
2,3541  0,7332
2,4100  0,7415
2,3910  0,7498
2,5471  0,7581
2,5250  0,7664
2,5750  0,7747
2,6092  0,7830
2,6165  0,7913
2,7262  0,7999
2,7326  0,8083
2,7594  0,8166
2,7323  0,8249
2,9019  0,8332
2,7170  0,8415
2,6819  0,8498
2,5871  0,8581
2,6255  0,8664
2,8066  0,8747
2,8086  0,8830
2,7842  0,8913
2,6722  0,8999
2,7636  0,9083
2,7823  0,9166
2,8262  0,9249
2,7631  0,9332
2,7162  0,9415
2,6133  0,9498
2,5497  0,9581
2,4667  0,9664
2,5540  0,9747
2,5766  0,9830
2,6409  0,9913
2,8187  0,9999